NG_048935.1:101-976_blaCTX-M-15	NODE_24_length_82209_cov_9.161611	100.000	876	0	0	1	876	104	979	0.0	1618
NG_047357.1:64-852_aadA5	NODE_69_length_6594_cov_15.032268	100.000	789	0	0	1	789	5096	4308	0.0	1458
