NG_048935.1:101-976_blaCTX-M-15	NODE_75_length_2792_cov_41.936061	100.000	876	0	0	1	876	1706	2581	0.0	1618
NG_047985.1:101-1006_mph(A)	NODE_58_length_10504_cov_16.266246	100.000	906	0	0	1	906	10381	9476	0.0	1674
