NG_048935.1:101-976_blaCTX-M-15	NODE_47_length_21973_cov_19.588420	100.000	876	0	0	1	876	2356	3231	0.0	1618
NG_047985.1:101-1006_mph(A)	NODE_63_length_11976_cov_17.455331	100.000	906	0	0	1	906	125	1030	0.0	1674
