NG_047985.1:101-1006_mph(A)	NODE_58_length_10076_cov_16.818381	100.000	906	0	0	1	906	9952	9047	0.0	1674
NG_047357.1:64-852_aadA5	NODE_58_length_10076_cov_16.818381	100.000	789	0	0	1	789	1562	2350	0.0	1458
