NG_048935.1:101-976_blaCTX-M-15	NODE_67_length_3680_cov_24.634207	100.000	876	0	0	1	876	127	1002	0.0	1618
NG_047985.1:101-1006_mph(A)	NODE_47_length_11189_cov_22.276001	100.000	906	0	0	1	906	11066	10161	0.0	1674
NG_047357.1:64-852_aadA5	NODE_47_length_11189_cov_22.276001	100.000	789	0	0	1	789	2676	3464	0.0	1458
